18
image,0,262,55,
%,2,263,99,
constant,3,336,63,
-,4,230,143,
random,15,307,165,
-,16,197,187,
x,17,329,209,
/,18,362,165,
constant,19,395,115,
>,20,197,231,
+,21,252,187,
constant,22,230,277,
/,23,197,327,
x,24,197,371,
-,25,142,371,
constant,26,127,321,
x,27,109,415,
+,28,164,415,
0,0,2,0
0,0,4,0
0,0,16,0
2,0,4,1
3,0,2,1
3,0,18,0
3,0,21,1
4,0,16,1
4,0,21,0
4,0,27,0
15,0,17,0
16,0,20,0
17,0,20,1
18,0,17,1
19,0,18,1
20,0,23,0
21,0,24,1
22,0,23,1
23,0,25,1
23,0,24,0
24,0,28,1
25,0,27,1
26,0,25,0
27,0,28,0
